1000
155.94 2.75 652
245.32 134.31 852
252.45 17.40 2
193.90 203.91 961
93.08 240.12 709
295.98 19.87 730
296.14 301.16 967
138.86 62.51 275
248.48 320.14 62
255.88 130.28 52
65.12 140.94 88
122.31 323.15 543
180.20 29.96 282
167.26 105.00 109
135.19 24.95 836
16.73 40.35 350
76.05 96.21 795
136.31 18.93 632
234.00 141.49 619
195.73 157.03 786
187.79 237.00 51
85.91 263.91 378
59.36 177.24 535
291.39 146.74 882
20.25 243.01 877
228.39 253.33 983
318.14 91.38 851
181.85 88.81 559
214.14 186.22 660
241.01 35.56 127
125.64 12.38 422
290.98 219.99 431
67.26 278.59 274
205.93 218.39 577
175.80 189.20 169
83.81 0.34 642
186.68 83.74 492
314.33 30.37 840
285.12 126.36 367
31.50 205.66 251
267.24 225.18 780
102.66 62.61 61
65.62 128.80 797
31.30 253.84 408
178.20 68.39 375
119.03 13.95 381
176.94 125.91 44
210.47 175.74 756
251.88 90.82 392
234.06 276.91 979
133.33 311.42 755
48.97 93.18 388
108.55 123.33 702
115.52 308.78 496
273.88 106.95 392
111.48 61.17 784
103.44 211.09 89
13.44 3.78 57
267.09 313.55 896
29.50 18.26 844
142.72 192.58 163
165.99 287.60 497
119.80 43.97 788
301.23 80.57 952
281.83 157.32 773
249.51 302.56 120
321.49 180.99 527
239.18 268.20 827
146.89 174.60 760
132.22 184.64 796
212.52 39.68 326
288.37 227.03 638
281.87 143.25 397
78.21 246.69 262
54.85 289.35 568
62.30 0.91 408
168.39 120.67 423
22.72 326.33 471
323.17 124.02 943
319.37 123.42 308
280.68 15.16 871
325.28 270.94 723
90.49 98.59 661
227.01 118.01 923
301.30 310.46 57
17.11 75.30 926
150.30 258.01 891
102.30 229.47 615
204.53 85.12 78
192.35 316.68 95
297.53 61.51 526
320.87 232.52 709
265.36 221.57 49
39.82 92.14 490
14.88 214.73 58
29.32 140.60 910
147.41 203.01 38
46.03 311.88 776
178.73 132.56 724
115.62 265.01 694
8.81 325.42 736
194.05 50.60 724
285.62 320.38 171
310.02 204.63 614
175.17 16.34 122
152.05 36.70 606
282.32 119.81 976
113.78 114.67 559
24.59 155.70 105
89.78 325.90 452
189.80 106.53 694
309.74 230.18 79
170.70 90.27 32
269.41 13.12 818
50.35 241.80 883
6.23 26.63 128
69.02 186.15 756
14.92 119.55 262
269.65 116.11 64
58.67 202.27 686
47.62 283.26 810
104.86 141.70 320
295.45 250.69 61
283.72 17.28 880
215.26 308.61 493
17.60 212.63 257
292.08 309.86 481
327.32 55.68 667
5.04 293.68 13
299.75 17.78 155
148.07 71.00 201
121.05 323.50 307
309.34 154.35 940
176.23 189.45 912
148.49 315.93 870
285.48 144.77 322
167.86 83.43 611
17.22 271.59 127
270.52 315.45 388
53.52 254.57 69
122.41 275.46 861
91.32 289.70 556
140.26 211.94 97
281.04 115.79 876
268.09 178.79 122
304.78 17.28 222
213.80 56.50 220
270.73 34.01 858
199.45 254.31 504
220.56 24.82 22
322.10 201.15 815
236.17 113.90 509
22.37 209.91 397
125.00 241.00 502
75.18 45.49 845
98.15 61.09 975
127.39 294.60 272
141.83 112.04 111
214.03 165.76 407
214.37 65.08 14
206.00 276.59 17
127.71 21.13 871
230.72 238.49 420
304.98 213.19 312
121.03 68.05 798
297.86 189.58 810
192.73 80.30 799
209.24 309.78 947
163.22 225.06 503
73.33 326.00 863
125.60 148.20 662
46.22 172.20 731
28.50 59.72 804
13.50 177.33 478
302.48 302.24 825
138.13 311.37 11
273.88 112.63 838
65.53 315.98 280
54.67 56.20 264
235.45 119.59 89
16.05 168.95 372
305.30 39.97 119
89.97 101.23 456
40.49 26.99 405
201.04 221.78 704
22.58 240.10 23
34.72 136.08 783
241.19 161.64 962
310.77 153.52 761
14.67 246.59 596
118.57 325.40 829
153.41 8.73 15
128.77 295.99 122
8.85 113.87 389
28.51 109.18 334
30.87 123.43 783
1.23 278.58 259
10.09 305.02 864
246.76 46.39 975
208.90 234.94 639
74.78 291.08 119
115.81 76.33 472
209.73 88.05 909
225.89 39.01 920
138.92 204.40 38
57.52 286.31 308
241.17 290.63 492
246.70 293.31 69
227.05 20.68 628
220.09 132.82 576
285.85 314.10 398
67.68 27.28 686
327.05 44.88 497
155.46 96.46 929
103.09 110.99 475
321.15 260.19 357
10.74 317.21 811
274.02 266.28 740
172.70 116.93 265
176.11 208.77 927
265.50 320.17 865
108.66 99.74 648
108.03 72.21 684
85.17 310.22 471
145.11 137.71 850
145.67 261.99 717
54.65 27.63 456
269.82 8.07 839
26.04 148.11 878
289.77 144.62 380
231.11 42.91 52
217.50 39.20 288
153.96 100.60 762
318.99 228.43 616
158.02 164.68 337
40.44 118.59 204
40.81 227.82 338
311.95 269.04 596
268.58 141.52 52
122.51 121.69 65
176.79 1.11 851
177.31 176.19 6
237.81 135.40 264
231.65 248.52 327
148.69 130.00 847
200.09 135.96 524
0.42 248.58 0
94.71 77.41 157
199.55 136.10 477
96.19 293.23 893
88.41 125.24 476
318.52 184.47 848
321.09 51.77 160
128.38 148.20 130
49.21 51.55 546
83.49 10.76 453
309.35 212.25 934
136.48 277.89 174
95.30 225.77 320
323.84 240.78 257
117.93 154.96 573
35.08 310.55 892
158.53 277.46 863
301.20 97.53 286
7.09 97.40 185
253.01 23.80 503
189.28 295.14 106
217.81 111.35 432
150.72 109.10 9
97.34 115.84 287
133.75 198.18 167
69.80 112.60 55
182.54 121.34 851
52.65 17.87 545
152.40 23.39 989
177.86 56.20 351
309.69 149.99 989
100.22 110.38 599
168.45 255.68 264
149.24 309.30 798
215.07 270.70 446
67.89 141.01 730
292.48 185.58 89
70.26 162.91 285
325.77 49.35 981
321.10 223.56 372
228.74 304.63 97
27.65 45.94 466
30.67 243.99 97
286.17 148.05 858
192.61 167.51 952
119.57 304.37 932
45.78 255.21 328
325.29 104.49 560
133.88 25.81 113
3.91 57.84 759
233.78 39.14 356
194.62 188.77 959
122.95 283.81 168
144.46 137.53 410
76.24 288.15 954
260.02 154.95 789
5.55 199.73 839
198.25 182.76 832
313.97 90.41 421
12.74 59.05 483
199.77 41.02 798
309.09 126.08 979
174.45 291.35 324
59.61 309.58 83
102.78 252.85 209
95.23 76.42 774
170.49 299.48 912
163.77 131.47 810
240.84 209.86 103
113.17 310.40 684
301.88 164.02 33
166.11 167.68 92
42.39 268.48 192
257.72 296.65 284
39.24 254.31 969
295.45 33.03 711
317.07 187.17 702
208.29 101.48 112
80.23 210.37 424
160.96 149.08 546
26.52 253.31 680
313.40 151.74 806
133.13 308.15 458
144.03 313.02 47
34.46 150.15 35
159.20 81.84 229
254.43 27.30 678
222.93 69.50 437
145.03 264.18 547
95.29 177.20 155
323.34 242.02 105
275.43 219.66 114
150.73 138.62 633
14.39 243.03 485
264.49 218.30 851
169.38 50.59 64
46.52 84.18 884
3.97 66.04 856
189.27 97.90 49
81.98 105.18 239
300.76 325.04 237
115.32 230.07 847
118.13 52.35 619
13.08 160.31 939
288.80 86.70 862
263.87 244.41 957
92.43 233.83 934
243.92 267.47 454
39.79 178.76 412
127.51 282.26 933
10.64 242.77 45
68.42 94.17 633
125.66 10.44 317
56.79 211.46 560
325.24 272.99 891
152.70 160.32 678
255.26 128.64 939
242.43 248.85 166
313.36 32.71 517
279.45 208.19 961
250.02 233.04 570
136.86 196.97 288
300.80 223.75 358
126.70 266.00 815
32.08 153.86 463
290.48 284.10 332
292.37 55.90 867
80.34 299.09 790
7.28 300.30 514
79.83 238.40 241
77.40 166.02 481
227.24 76.76 967
112.49 217.77 773
41.77 272.56 229
145.00 159.38 340
99.05 63.77 793
220.36 281.77 245
324.75 282.09 501
285.50 142.47 57
262.38 49.38 351
170.94 251.31 409
39.40 278.31 116
128.13 52.50 670
133.66 255.18 300
157.30 37.29 953
160.40 325.25 894
129.69 254.54 504
323.26 323.85 541
62.06 13.43 673
16.15 52.23 551
55.19 160.62 870
282.62 274.63 551
110.53 326.71 670
176.62 271.42 999
19.08 307.86 853
214.50 138.48 42
126.61 139.46 48
137.28 218.48 801
144.73 62.29 36
313.69 64.92 741
84.82 192.33 194
5.00 154.40 939
306.49 317.86 513
72.44 234.95 955
227.63 117.40 14
154.50 225.30 103
271.69 80.23 931
220.75 78.30 390
164.67 116.66 884
196.74 75.53 130
68.63 237.13 386
205.16 61.54 746
138.28 73.54 884
75.41 268.76 36
242.55 128.10 380
2.37 302.44 724
267.27 142.09 851
45.27 181.99 113
187.06 215.28 593
154.19 260.19 636
298.31 141.40 283
54.68 308.55 135
111.52 72.71 737
300.51 310.35 328
264.07 161.43 478
201.37 30.56 561
244.16 80.49 14
254.88 279.26 258
317.77 35.50 172
162.38 107.54 826
209.97 301.07 621
294.93 6.56 20
143.37 85.64 427
250.11 286.25 157
47.64 9.00 200
124.69 287.17 475
143.05 140.65 520
29.44 295.57 396
233.80 198.49 425
62.24 86.70 465
213.82 216.25 267
97.04 201.94 870
212.93 88.60 184
305.45 177.80 294
280.92 184.57 983
8.55 197.21 886
10.12 108.21 86
190.61 244.20 241
38.22 184.28 754
248.59 54.23 97
165.09 86.96 437
178.22 255.32 43
97.36 81.43 610
246.25 288.12 255
304.99 219.13 488
288.56 39.41 340
29.61 60.01 498
3.37 15.75 677
113.89 80.13 175
15.14 321.55 777
89.63 324.79 644
287.32 104.80 161
67.53 313.62 182
320.00 137.37 429
139.33 29.10 895
108.19 51.50 839
120.62 302.72 815
286.95 114.96 646
267.00 291.61 106
194.82 127.46 388
268.69 47.85 453
178.03 309.69 379
224.37 273.56 450
48.31 183.80 480
189.03 219.99 163
192.29 118.41 661
210.94 27.85 409
236.53 99.41 280
244.21 92.29 765
118.80 98.93 347
127.98 74.51 280
129.98 142.85 388
69.48 98.31 765
323.90 113.98 849
159.30 272.81 751
120.71 8.79 366
304.64 200.13 784
89.57 179.19 794
128.98 68.76 410
163.33 41.30 91
87.07 159.17 659
296.79 72.61 685
165.32 66.76 294
75.20 128.25 214
126.30 102.09 880
244.49 153.27 230
121.27 122.79 381
316.13 106.69 202
44.71 265.52 542
185.71 101.58 830
280.67 134.03 918
165.14 112.57 711
132.44 278.16 248
26.89 322.87 956
145.03 32.85 969
206.29 127.26 153
133.19 140.67 717
201.29 105.35 125
124.11 244.89 586
143.26 103.29 420
293.86 312.88 528
77.73 223.02 537
303.52 102.29 148
165.18 249.39 108
243.82 119.65 57
243.31 142.64 759
129.49 59.13 824
160.22 235.91 580
281.27 76.75 124
89.06 146.56 596
65.47 285.21 534
84.36 177.53 52
305.07 139.31 768
314.15 169.18 383
213.23 174.29 444
41.47 188.05 511
313.86 129.43 475
139.04 88.10 312
229.91 190.31 845
105.53 53.66 429
4.80 243.86 84
154.00 149.05 233
121.27 102.07 587
79.51 79.29 886
82.89 33.96 338
265.72 39.76 948
16.69 272.59 696
204.51 66.81 120
191.88 312.32 524
63.88 207.04 975
144.51 53.86 34
64.97 101.24 394
9.88 152.63 784
245.57 0.09 165
96.27 280.66 22
307.72 103.66 272
58.91 318.26 168
295.09 166.50 718
236.96 309.75 975
160.86 188.61 57
252.08 43.15 602
232.24 23.99 344
89.88 202.71 366
285.75 95.41 775
264.11 139.17 951
315.79 111.32 583
157.77 136.91 740
15.48 58.86 166
76.55 8.69 558
289.34 313.62 795
42.76 106.47 886
151.83 77.94 977
195.99 225.84 58
248.38 5.76 608
309.67 189.57 2
46.32 275.87 552
224.28 231.33 618
128.03 39.48 499
300.06 184.06 447
137.30 292.93 885
194.14 182.85 640
218.06 10.58 810
324.53 198.67 761
307.19 77.83 104
72.49 110.34 773
32.47 134.69 45
112.88 18.50 974
316.55 19.21 473
206.51 175.34 10
233.73 184.83 515
311.39 143.00 370
215.67 161.21 382
80.67 98.93 682
23.99 231.90 31
217.48 21.18 738
109.18 49.58 213
126.04 246.68 943
273.78 228.57 773
179.34 314.53 320
123.57 262.81 947
17.79 141.39 786
213.06 228.79 190
212.55 124.94 514
280.55 293.37 268
168.30 168.80 63
248.94 249.55 19
312.04 277.74 609
143.26 59.66 934
179.57 281.09 585
45.42 256.04 984
237.31 320.47 142
232.07 41.37 849
306.93 152.52 642
170.00 260.23 312
317.22 327.56 31
161.68 109.78 416
25.31 162.57 102
46.67 30.90 922
69.11 86.62 412
83.77 237.86 502
77.90 124.40 640
192.58 43.33 721
110.80 202.95 971
59.28 212.50 490
132.41 49.12 589
167.25 217.88 345
228.04 319.42 195
12.49 222.99 588
62.95 191.36 393
211.40 41.47 56
58.97 299.07 343
133.64 103.53 972
259.76 79.12 182
298.29 225.86 939
173.43 222.93 608
122.64 86.74 464
137.31 327.07 916
314.63 321.62 306
178.21 135.13 881
89.61 190.91 678
73.49 54.82 30
9.18 305.98 405
145.80 303.17 878
194.05 114.61 754
52.09 263.15 553
132.41 235.90 935
31.61 303.81 669
200.20 38.28 706
241.37 91.32 443
128.42 86.07 468
100.55 323.97 224
289.92 274.41 655
57.64 240.58 330
28.53 89.43 751
304.52 38.00 993
50.98 165.77 669
291.36 159.58 451
269.32 95.13 438
321.15 89.04 151
258.95 71.57 326
257.15 327.37 164
203.13 227.72 777
161.38 225.18 528
110.59 287.47 483
115.64 161.98 835
165.09 51.93 712
107.09 101.15 992
97.56 83.90 997
1.20 268.88 649
0.25 164.93 156
214.03 73.02 10
229.28 211.30 18
204.82 212.62 346
225.62 143.80 760
107.36 132.41 157
189.22 260.42 546
272.42 198.19 79
41.53 46.94 217
288.11 205.75 985
308.43 124.38 540
284.74 139.38 70
5.31 52.46 514
107.29 293.04 402
110.29 227.35 196
212.85 240.58 871
305.01 189.29 28
179.54 66.95 676
191.65 264.13 328
288.02 173.89 459
152.51 314.77 86
133.22 11.23 663
261.94 290.28 122
245.83 322.78 105
46.98 0.67 360
124.27 114.84 317
88.56 302.58 304
55.77 207.79 665
303.96 119.74 38
287.37 166.88 595
102.49 183.64 497
323.71 187.13 205
222.52 224.20 266
325.98 290.06 285
220.13 82.34 770
63.42 236.95 524
133.06 61.88 674
295.99 187.29 125
189.04 154.88 137
182.56 265.72 441
212.49 304.49 468
197.04 326.73 852
13.64 65.91 72
221.28 27.32 548
275.34 20.22 358
81.56 262.86 810
164.00 123.48 430
293.21 138.09 432
325.94 55.47 289
261.83 268.29 516
123.77 187.51 530
26.93 296.46 637
181.87 27.44 760
48.16 163.03 428
223.28 191.67 409
231.81 142.65 511
247.51 58.48 541
168.97 205.12 941
70.99 56.60 913
69.18 167.52 959
109.70 196.87 445
97.22 223.24 519
167.75 213.09 638
40.46 243.96 816
310.97 135.19 180
21.17 216.88 944
16.94 185.39 940
296.23 71.10 157
40.23 35.20 467
322.51 242.79 796
298.05 57.74 710
318.12 87.74 9
28.55 155.34 80
107.75 192.11 631
123.12 308.24 342
290.90 264.18 352
113.15 89.76 222
107.77 225.99 24
220.25 245.59 860
58.65 243.74 468
101.80 229.98 350
22.70 180.18 337
114.46 35.66 155
242.11 209.45 843
282.10 32.42 397
214.38 17.33 852
150.26 327.34 354
100.44 48.96 895
49.74 290.35 368
117.51 292.71 960
30.62 204.81 680
318.99 125.25 70
175.17 61.18 84
322.48 124.56 741
129.12 255.36 291
63.36 243.14 91
301.67 35.42 218
45.77 154.53 324
199.16 10.95 818
85.91 119.14 365
143.20 48.94 386
217.53 125.07 364
98.58 157.09 185
241.88 238.57 903
234.94 231.09 991
297.92 197.66 472
102.72 78.16 740
252.24 181.40 480
219.15 44.02 955
34.79 226.19 724
181.36 149.45 263
262.35 182.11 348
21.96 118.16 571
172.45 211.16 915
72.44 0.51 740
203.22 55.81 530
265.31 156.19 325
217.07 81.24 145
183.28 194.18 629
75.00 273.00 449
60.65 104.20 897
47.87 61.71 118
237.12 183.94 252
159.36 298.18 413
325.27 156.10 805
202.76 104.03 413
283.15 321.90 601
3.85 285.39 694
281.90 236.49 780
91.21 291.39 250
4.79 124.67 652
99.89 262.93 403
197.73 98.56 377
103.88 39.15 427
289.10 241.65 986
182.25 278.76 459
317.31 26.70 679
318.20 298.81 321
42.89 5.36 780
38.02 226.58 532
198.05 3.89 405
131.35 30.75 999
82.76 302.17 613
29.36 202.38 656
199.29 282.50 856
39.00 1.81 354
203.38 38.46 636
9.40 111.64 989
158.59 235.47 800
61.29 257.72 993
268.17 200.43 643
61.32 32.29 116
283.03 65.07 799
294.05 66.59 719
274.08 178.23 6
101.57 53.59 772
272.23 279.94 150
52.86 118.37 328
76.47 24.79 679
138.97 113.03 896
62.47 241.05 274
104.94 47.88 33
279.51 201.38 736
196.64 189.73 591
174.63 189.73 774
196.49 241.29 691
62.83 28.45 738
50.20 65.84 691
140.24 194.25 706
302.91 10.68 840
3.42 156.31 325
82.72 325.07 477
197.29 100.49 579
102.97 113.50 575
93.02 116.16 696
133.37 195.36 959
142.52 148.84 420
189.33 63.08 14
26.89 198.06 619
261.52 130.76 570
204.12 117.23 542
171.89 173.26 958
156.23 27.28 307
303.18 152.02 520
115.53 256.72 523
135.34 93.84 395
22.07 136.39 597
175.62 202.59 765
271.02 241.28 592
279.73 175.51 916
71.89 215.14 909
100.64 93.01 26
160.73 53.48 955
290.39 42.47 80
199.87 8.01 24
81.06 47.63 851
259.73 10.69 378
147.15 55.89 571
56.79 145.89 872
94.59 81.97 602
274.84 249.18 406
314.69 46.48 23
13.34 34.30 896
11.86 207.69 811
251.68 147.51 111
75.00 16.44 358
186.14 242.85 960
47.56 21.13 505
66.91 300.15 793
135.65 137.93 511
14.89 292.35 818
96.14 0.14 993
203.73 314.01 430
82.89 160.89 239
59.52 267.30 501
71.53 115.97 39
318.69 281.63 61
90.06 144.96 195
313.97 99.31 337
257.91 51.03 838
136.27 186.59 763
71.78 6.88 19
309.97 34.00 875
186.38 233.91 556
162.21 179.96 392
123.97 125.65 753
222.45 59.07 283
287.46 117.83 932
198.55 242.95 149
27.44 169.25 818
58.11 167.66 252
246.88 123.23 406
32.71 208.69 964
16.80 23.72 349
70.96 217.81 827
280.40 66.02 165
283.37 296.53 399
264.96 315.82 890
141.56 278.97 659
238.43 164.41 296
238.96 182.73 45
301.59 184.37 21
280.90 226.55 944
134.62 67.54 43
174.30 37.90 505
75.81 277.17 676
323.25 130.64 841
285.98 32.52 959
65.89 244.04 717
277.16 108.85 797
313.54 200.02 890
71.24 20.91 271
225.34 272.59 223
20.29 50.48 115
309.03 189.12 202
48.59 185.87 709
31.29 317.67 161
321.12 35.25 739
117.71 305.82 474
213.52 159.29 653
279.33 267.57 510
1.12 8.19 362
314.71 251.12 783
121.05 282.66 999
87.38 264.07 803
311.59 102.64 858
143.89 66.75 880
206.66 224.79 236
101.89 54.04 468
327.18 0.67 589
199.52 77.24 251
199.64 96.16 9
320.99 72.36 793
56.00 47.75 208
252.35 325.67 365
189.36 158.47 104
20.08 149.63 271
196.64 302.18 285
115.02 66.51 984
237.95 307.04 552
220.09 94.60 106
88.56 89.43 66
136.85 8.37 809
167.85 11.99 177
127.60 10.88 995
153.33 140.16 94
48.18 5.87 481
5.27 223.70 621
111.27 10.23 686
214.87 51.83 981
280.78 136.34 604
86.36 64.08 963
22.32 131.18 511
324.12 33.74 306
224.59 154.26 800
324.40 294.89 263
180.52 125.30 965
63.60 3.17 309
169.01 16.25 631
266.08 158.80 319
59.46 247.49 38
8.14 77.31 278
78.01 74.05 463
90.49 239.65 543
26.50 91.18 500
6.83 116.16 297
309.02 23.90 801
246.84 231.59 391
188.02 209.43 624
255.87 67.21 954
46.26 124.75 785
212.17 3.45 307
57.04 285.69 158
155.24 77.97 963
196.95 169.40 765
291.02 57.15 500
302.79 234.02 264
263.46 160.95 483
295.04 48.64 41
56.98 263.80 717
141.27 286.02 167
49.63 15.64 449
93.02 13.93 105
307.18 185.10 345
145.83 218.34 430
33.80 102.79 90
301.91 218.77 447
163.72 191.54 59
105.02 4.15 496
31.79 315.61 792
52.48 265.90 311
125.15 131.32 775
68.02 76.14 757
129.51 292.55 956
283.53 306.44 992
